50 214 70 89 128 198 39 71 215 293 100 194 141 171 149 8 260 286 133 208
156 266 70 225 119 123 117 214 158 65 141 187 35 56 260 264 144 252 171 198
266 225 198 39 71 158 65 194 141 171 35 260 208 252 172 187 291 20 275 60
89 65 50 119 123 108 283 231 215 171 260 95 264 112 252 172 262 178 16 297
89 125 64 65 70 50 214 283 158 171 162 35 8 260 286 95 208 172 187 262
212 50 106 214 65 70 99 225 198 2 71 158 100 266 194 141 171 79 202 35
50 106 266 70 225 117 215 194 187 35 140 56 286 208 171 174 20 275 261 178
50 106 65 70 225 2 215 266 194 141 171 35 140 56 260 286 208 172 174 243
99 106 214 65 70 89 225 198 173 125 213 284 71 158 72 100 266 194 141 187
50 106 70 283 158 171 46 208 187 20 178 297 82 298 86 228 135 274 117 37
50 214 119 283 158 133 208 144 252 172 187 262 264 178 275 16 60 297 82 242
106 266 216 293 121 194 113 260 159 286 112 243 60 297 82 72 81 177 34 87
50 70 99 198 71 215 171 208 172 275 16 297 82 86 135 25 274 117 93 37
50 106 214 65 225 2 71 215 266 194 141 171 35 140 56 260 286 208 112 172
50 106 65 99 225 123 2 108 39 71 215 100 266 194 141 171 35 257 140 56
99 106 214 65 70 264 50 225 198 293 280 2 108 15 215 60 100 194 141 171
89 106 65 70 50 125 158 171 8 159 208 172 262 80 178 16 271 297 82 298
106 216 293 121 194 260 159 286 10 243 303 149 60 297 82 72 81 122 117 34
106 293 194 162 260 286 112 243 303 60 297 82 72 81 120 34 14 87 197 123
89 106 65 70 50 158 141 171 260 159 208 172 80 11 16 82 31 274 117 122
106 65 225 198 71 158 293 141 211 187 35 171 140 56 260 208 112 172 174 243
89 106 214 65 70 99 119 265 173 108 284 71 158 100 194 50 171 35 56 202
89 106 65 70 83 123 215 141 171 192 260 159 208 112 172 50 262 133 80 275
70 99 106 214 65 15 264 50 225 198 224 2 215 293 194 141 171 35 140 56
50 214 65 198 283 215 194 141 187 260 286 208 172 40 209 16 82 257 86 228
288 248 65 50 274 178 117 260 86 40 16 71 158 82 240 283 172 141 187 215
50 106 214 65 70 264 99 225 198 2 71 215 260 100 266 194 141 171 162 35
50 31 214 65 82 14 274 117 260 141 158 16 286 283 215 208 240 172 86 187
50 106 214 65 84 303 99 225 198 125 2 39 71 158 293 100 266 194 159 141
87 89 106 214 65 50 225 91 198 74 133 71 215 100 266 141 211 187 35 243
87 50 106 70 89 128 60 198 173 133 71 158 293 100 194 141 171 35 219 31
50 106 65 70 165 89 225 198 123 2 39 263 158 266 194 211 171 146 35 195
87 50 65 198 39 263 215 171 208 144 252 172 187 24 199 178 16 297 82 86
87 50 106 65 70 89 128 198 173 2 133 71 158 293 100 194 141 171 202 35
89 106 214 65 264 50 225 91 198 117 74 39 71 215 100 266 194 141 171 162
50 198 39 71 215 194 131 171 35 140 8 286 264 144 127 252 172 187 208 76
106 266 202 293 194 162 260 286 46 10 112 243 303 230 226 60 297 82 72 81
50 214 119 283 215 58 8 286 264 144 172 110 20 178 271 297 298 257 228 274
50 198 39 283 158 194 171 208 252 172 187 24 199 178 16 297 82 86 135 274
158 50 47 274 117 283 215 172 228 89 106 214 65 124 225 119 123 173 41 18
50 198 39 283 215 194 171 208 252 172 187 24 199 178 16 297 82 86 135 274
50 65 128 283 158 141 187 260 208 144 252 172 40 199 16 297 82 226 274 117
50 214 65 123 71 215 293 194 141 171 35 8 260 208 112 252 172 187 178 199
50 65 71 215 293 141 171 260 172 25 297 82 135 16 274 117 256 93 240 283
50 70 99 198 71 215 171 208 172 275 16 297 82 86 135 25 274 117 93 37
50 106 214 65 70 99 225 198 173 2 39 71 158 260 100 266 194 171 162 35
99 214 266 70 264 89 225 173 39 71 215 100 194 171 162 35 192 202 133 208
50 106 214 65 99 225 198 123 226 2 39 71 158 100 266 194 141 171 162 202
50 106 214 65 303 99 225 198 123 226 2 39 71 158 100 266 194 141 171 162
50 106 65 70 225 198 123 2 39 158 266 194 298 171 146 35 195 140 56 208
50 106 214 65 70 99 225 198 213 73 71 215 260 100 266 194 141 187 162 35
106 266 70 225 173 39 158 65 194 171 35 56 264 252 187 174 208 20 178 261
89 65 262 119 123 5 283 158 171 77 260 286 208 112 252 172 187 243 18 264
87 50 65 15 89 198 213 71 158 194 187 35 171 8 24 260 286 264 144 172
50 106 266 70 89 225 2 263 215 194 171 35 140 56 286 208 172 174 20 275
50 106 65 70 89 225 2 39 158 100 266 194 171 84 35 140 56 260 159 286
50 198 39 71 215 194 131 171 35 140 8 286 264 144 127 252 172 187 208 76
50 214 65 198 3 71 158 293 301 194 141 171 270 56 8 260 286 264 112 127
50 125 214 65 70 249 89 128 91 198 234 216 275 213 108 121 284 283 215 273
89 125 214 65 70 99 198 71 215 141 187 202 56 8 260 159 208 171 157 50
139 106 64 266 293 194 162 260 159 286 112 243 303 230 226 60 297 82 72 31
50 65 70 89 128 198 3 39 71 215 293 100 301 194 141 171 270 149 8 260
89 106 214 65 50 133 71 158 58 266 194 141 171 35 192 56 260 159 208 112
50 198 2 71 158 171 35 208 172 187 80 178 275 16 60 297 82 86 31 135
89 125 214 65 70 50 81 198 5 213 74 283 158 141 171 35 136 8 260 159
50 106 65 197 225 198 2 297 39 263 158 100 266 194 141 171 35 192 140 56
106 216 293 121 194 260 159 286 112 176 60 297 82 81 87 125 70 39 231 75
50 106 65 70 225 198 2 39 158 293 266 194 141 171 35 140 56 8 260 286
99 89 106 214 65 70 50 225 81 198 125 213 74 71 158 220 60 100 194 141
212 50 106 266 70 89 225 198 125 2 215 100 194 171 79 35 192 140 56 286
50 106 214 65 70 99 225 198 2 71 215 260 100 266 194 141 171 162 35 140
87 89 106 214 65 70 50 225 117 283 158 266 141 171 35 192 140 260 159 208
87 89 106 214 65 70 50 225 117 283 158 266 141 171 35 192 140 260 159 208
99 106 214 65 70 89 198 204 280 5 39 71 215 293 100 194 141 171 162 202
89 65 70 50 283 158 100 141 187 192 159 172 262 176 133 80 16 82 72 274
212 50 106 214 65 70 264 89 225 198 2 73 215 100 266 194 171 79 35 192
50 214 65 70 198 39 283 215 141 171 260 208 144 252 172 187 20 24 80 178
99 65 264 50 225 2 71 158 293 266 194 141 171 35 140 56 260 89 208 144
106 266 216 293 121 194 113 260 159 286 112 243 60 297 82 72 81 177 34 87
106 216 293 121 194 260 159 286 112 176 60 297 82 81 87 125 70 39 231 75
106 216 293 121 194 260 159 286 112 149 297 82 72 81 34 87 125 70 176 158
99 106 214 65 264 89 225 303 123 41 268 18 71 215 245 60 100 266 194 85
106 156 65 225 198 123 71 158 266 194 141 171 35 56 8 260 286 208 112 172
87 99 106 214 65 70 264 89 198 41 18 2 176 71 158 100 194 141 171 162
87 50 214 65 70 89 128 198 5 133 71 215 293 100 194 141 171 162 202 219
50 214 65 225 198 39 71 158 194 141 171 35 260 208 252 187 291 275 60 297
50 198 39 71 215 194 131 171 35 140 8 286 264 144 127 252 172 187 208 76
106 65 225 198 71 158 293 266 141 211 171 35 140 56 260 286 208 112 172 187
89 106 65 70 50 158 141 171 260 159 208 172 80 11 16 82 31 274 117 122
50 106 65 70 197 225 224 2 215 100 266 194 171 35 140 56 208 103 172 187
89 65 50 119 123 283 158 141 192 260 264 112 252 172 262 133 16 60 297 82
87 50 106 214 65 70 284 89 198 173 96 39 263 158 204 100 194 141 171 162
89 214 65 82 50 150 283 158 293 141 70 171 260 159 208 172 157 18 284 40
87 50 106 156 65 225 119 123 213 39 71 158 194 141 171 202 35 140 56 260
87 50 106 156 65 225 91 119 123 213 74 39 71 158 266 194 141 171 202 35
50 106 214 65 225 213 39 71 158 141 171 35 140 260 208 172 187 174 178 275
87 50 106 156 65 225 91 119 123 213 74 39 71 158 266 194 141 171 202 35
87 50 106 214 65 225 213 39 71 158 141 171 35 140 56 260 208 172 187 243
87 50 106 156 65 225 91 119 123 213 74 39 71 158 266 194 141 171 202 35
87 50 106 156 65 15 225 119 123 213 39 71 158 194 141 171 202 35 140 56
50 106 214 65 70 99 225 198 2 71 215 260 100 266 194 141 171 162 35 140
139 106 266 284 293 194 162 260 159 286 46 112 243 303 230 60 297 82 135 81
99 125 214 70 89 173 5 213 71 215 171 136 56 159 208 172 187 157 262 284
31 35 214 70 262 274 178 192 159 89 16 133 283 215 82 37 240 72 172 158
89 106 266 50 225 2 71 158 293 65 194 141 187 35 171 140 56 8 260 159
50 198 39 71 158 194 131 171 35 140 8 286 264 144 127 252 172 187 208 76
212 99 106 65 89 225 198 123 224 2 71 215 141 211 171 79 202 35 243 140
125 266 70 225 198 39 71 158 58 65 171 35 56 260 208 172 187 291 76 275
106 156 65 225 198 213 39 71 158 245 100 194 141 171 35 56 260 286 208 112
158 31 35 172 70 208 50 80 274 117 122 16 39 283 215 82 37 240 171 214
243 50 35 172 158 215 58 76 77 13 117 16 286 283 93 208 240 228 274 187
89 214 65 50 283 158 293 141 171 260 208 172 178 40 261 275 25 297 82 31
89 214 65 82 50 263 158 293 141 171 260 88 208 172 15 187 157 18 178 40
87 89 106 266 15 69 225 198 123 18 213 39 71 158 293 100 65 194 141 294
50 106 214 65 70 99 225 91 198 125 18 2 74 39 71 158 260 100 266 194
212 50 106 214 266 70 99 225 198 173 2 108 39 71 215 100 194 171 162 35
87 89 106 214 65 50 91 198 123 173 2 74 104 133 71 215 100 266 194 159
106 266 225 123 39 71 215 245 65 141 187 35 56 260 208 171 243 176 264 20
106 266 225 123 39 71 158 245 65 141 171 35 56 260 264 172 187 243 176 208
89 65 50 117 108 283 215 77 286 295 95 208 172 243 178 148 228 290 109 274
99 125 214 65 70 303 89 198 123 173 5 108 284 71 215 301 194 141 294 162
89 125 214 70 303 99 198 173 5 108 284 71 215 301 194 141 294 162 35 171
87 99 106 214 65 89 225 198 123 280 2 73 71 215 60 194 195 141 294 162
99 106 214 65 15 264 50 225 198 2 133 71 215 293 100 194 141 70 162 202
106 266 216 293 121 194 260 159 286 10 243 264 176 60 297 82 31 81 122 34
87 99 106 214 65 264 89 225 303 123 280 41 94 18 71 215 60 100 266 194
50 65 70 225 198 173 2 39 158 60 100 266 194 141 171 35 140 56 8 260
106 266 216 5 121 194 162 113 260 159 286 46 112 243 96 60 297 82 31 81
50 65 70 89 128 198 3 39 71 215 293 100 301 194 141 171 270 35 149 8
50 5 2 283 158 187 35 77 260 286 208 172 243 178 16 82 298 274 117 142
50 2 283 158 187 35 77 260 286 208 172 243 178 16 82 298 228 274 117 142
212 50 106 156 65 225 198 123 2 39 71 158 293 147 194 141 211 171 79 35
70 99 125 214 65 15 89 225 198 173 2 39 215 293 194 141 187 162 35 171
89 106 214 65 70 264 50 225 198 123 224 5 108 133 71 158 293 147 194 141
87 89 106 214 65 15 99 225 198 96 5 2 71 158 220 204 100 266 194 141
50 214 266 225 2 215 293 65 194 141 187 35 140 56 260 286 208 152 127 172
50 106 214 70 89 128 198 3 39 71 215 293 100 301 194 141 171 270 149 8
87 89 106 214 65 50 198 123 108 58 133 283 215 245 293 100 266 194 74 141
106 65 225 198 123 108 71 215 293 194 141 211 171 35 140 56 260 159 208 112
87 99 259 214 65 227 225 114 123 106 58 71 158 220 204 100 194 141 171 202
106 65 225 198 5 2 71 158 293 266 141 171 35 140 56 260 159 286 208 172
243 106 65 225 198 224 5 2 71 158 293 141 171 35 140 56 260 286 208 172
50 106 214 70 89 128 198 39 71 215 293 100 194 141 171 149 8 260 286 133
106 64 266 194 162 260 159 286 112 243 303 96 60 297 82 72 31 81 122 34
50 70 99 198 71 215 171 208 172 275 16 297 82 86 135 25 274 117 93 37
50 70 99 198 71 215 171 208 172 275 16 297 82 86 135 25 274 117 93 37
89 106 65 70 50 158 141 171 260 159 208 172 80 11 16 82 31 274 117 122
87 89 106 214 65 70 50 173 39 283 158 204 100 194 141 171 35 192 8 286
89 106 65 70 50 125 158 171 8 159 172 262 80 178 16 297 82 298 31 135
87 50 125 285 70 284 89 128 198 173 106 3 133 71 158 293 100 301 194 141
243 106 65 225 198 224 5 2 108 71 158 293 141 171 35 140 56 260 286 208
50 106 65 89 225 123 18 2 71 215 266 194 141 171 35 140 56 260 286 208
50 106 214 65 198 123 263 158 194 141 171 35 243 8 260 159 286 208 112 127
87 50 106 65 70 89 128 198 173 2 133 71 215 293 100 266 194 141 171 35
50 65 263 158 141 171 260 262 178 275 209 16 60 297 82 298 135 274 81 117
106 216 293 121 194 260 159 286 112 60 297 82 81 87 70 176 231 75 141 56
50 65 15 123 283 215 245 58 141 187 260 286 264 172 208 40 199 209 16 297
106 64 266 194 162 260 159 286 112 243 303 226 60 297 82 72 31 81 122 34
106 266 293 194 162 254 260 159 286 243 303 230 60 297 82 135 279 81 292 34
50 64 65 70 198 5 214 283 158 194 171 140 8 286 208 187 264 20 275 199
50 65 198 283 158 171 140 260 208 172 178 25 60 187 82 135 16 274 81 117
87 99 214 65 70 89 128 123 71 215 220 293 194 141 187 162 8 260 208 112
65 70 225 198 39 158 171 35 208 172 187 275 16 60 297 82 31 135 130 274
87 50 70 89 128 198 254 5 133 71 215 293 100 194 141 171 219 31 149 56
50 283 158 100 159 208 103 172 262 178 16 297 82 257 86 248 274 117 93 240
89 106 65 70 50 198 215 141 171 260 159 208 112 172 80 275 11 16 82 31
89 106 214 65 124 50 225 119 123 41 18 213 176 71 158 245 60 100 266 141
89 106 65 70 225 198 123 125 213 39 263 158 266 194 211 171 35 56 286 208
106 65 225 213 71 215 100 194 141 171 35 260 286 208 127 172 20 25 60 297
50 106 65 225 198 123 125 213 39 71 158 266 194 141 211 171 35 140 56 260
89 106 65 70 50 215 100 141 171 35 260 159 208 172 157 243 80 261 11 16
87 50 106 65 70 89 128 198 173 133 71 158 293 100 194 141 171 202 35 219
87 50 65 198 123 71 215 141 294 35 260 159 208 112 172 80 209 182 16 82
50 106 65 15 89 225 198 2 39 71 158 266 194 141 171 35 140 56 260 286
50 65 225 71 158 141 211 171 35 140 260 208 112 172 187 243 20 76 275 60
50 65 198 283 215 293 194 141 171 8 260 286 172 187 20 40 178 209 114 16
99 89 106 214 65 70 50 225 60 119 112 213 39 71 158 293 100 194 141 171
87 89 106 214 65 70 39 71 158 100 141 171 35 260 159 264 144 252 172 187
89 266 50 225 91 198 74 39 71 215 65 194 141 171 35 192 260 286 133 208
89 106 214 65 70 99 225 119 293 112 213 39 71 158 60 100 194 141 171 35
89 106 214 65 70 99 225 119 112 213 39 71 158 60 100 194 141 171 35 56
106 64 266 293 194 162 257 260 159 286 112 303 96 60 297 82 72 31 81 122
89 106 214 65 70 99 225 119 293 112 213 39 71 158 60 100 194 141 171 35
87 50 106 214 70 89 128 198 133 71 158 293 100 194 141 171 219 31 149 56
89 106 65 70 50 125 158 171 8 159 208 172 262 80 261 178 16 297 82 298
89 106 214 65 50 225 198 224 5 2 58 176 71 215 293 100 194 141 211 171
212 50 106 187 65 70 264 89 225 123 213 263 215 100 266 194 211 171 79 35
33 106 65 89 225 123 117 71 215 245 266 141 171 35 140 56 260 159 286 208
106 64 266 284 194 162 260 159 286 112 243 291 303 226 60 297 82 72 31 81
89 106 214 65 124 264 50 225 33 119 123 41 18 71 158 245 60 100 266 141
99 106 214 65 264 89 33 303 123 39 71 158 100 194 141 171 162 202 35 56
87 99 214 65 15 264 50 225 198 2 71 158 293 266 141 171 35 140 56 151
99 106 65 50 225 123 71 158 266 141 187 35 171 56 260 208 112 172 174 284
50 106 65 70 225 198 2 108 39 215 266 194 171 35 140 56 286 208 172 174
243 106 156 65 264 225 198 123 71 158 194 141 171 35 56 8 260 286 208 112
89 125 65 70 50 119 283 158 194 171 192 260 208 144 127 172 262 133 20 178
87 50 106 156 65 89 225 91 198 56 2 74 39 71 158 100 266 194 141 171
106 64 266 234 184 293 194 162 260 159 286 112 243 303 226 60 297 82 72 31
50 106 67 65 70 89 225 119 2 108 39 15 215 266 194 141 171 35 140 56
50 106 67 65 70 89 225 119 2 108 39 15 215 266 194 141 171 35 140 56
99 106 65 15 89 225 198 2 71 215 293 100 194 141 187 35 171 140 56 260
139 106 266 234 293 194 162 260 47 286 10 112 243 60 297 82 72 81 177 34
89 106 214 65 70 50 198 2 283 215 194 141 171 260 159 208 112 127 294 80
50 106 214 266 70 99 225 198 224 2 39 71 158 100 194 171 162 35 140 56
50 15 263 215 293 171 208 172 25 297 82 283 135 16 274 117 256 93 240 71
50 106 67 65 70 225 198 2 108 39 215 266 194 141 171 35 140 56 260 286
50 106 65 225 198 108 39 215 266 194 141 171 35 56 260 208 187 174 243 291
89 106 65 70 50 125 158 171 8 159 208 172 262 80 178 16 297 82 298 31
50 106 65 70 225 198 2 39 158 266 194 171 35 140 56 286 208 172 187 174
50 106 65 89 225 123 2 71 215 100 266 194 141 171 35 140 56 260 286 208
106 64 266 194 162 260 159 286 112 243 303 176 226 60 297 82 72 31 81 122
50 106 65 89 225 198 123 2 39 71 158 266 194 141 171 35 192 140 56 260
139 106 266 293 194 229 260 159 286 112 33 230 255 271 297 82 72 81 122 157
99 106 65 50 225 71 158 266 194 141 187 35 171 56 260 286 208 112 172 174
99 106 65 70 50 225 71 158 266 194 187 35 171 56 260 286 208 172 174 243
139 106 184 194 162 254 260 47 286 10 112 243 96 60 297 82 72 31 81 122
87 50 156 65 70 198 173 39 283 215 194 141 171 35 260 208 252 172 187 284
87 99 106 214 65 70 89 156 213 71 215 266 194 141 187 35 140 56 260 159
87 89 214 65 50 119 95 117 39 283 215 194 141 187 35 171 192 260 133 208
50 106 65 70 225 198 2 39 158 171 35 56 208 172 174 306 291 20 275 178
50 106 65 89 225 123 2 71 215 266 194 141 171 35 140 56 260 286 208 112
50 65 70 283 215 171 260 208 172 40 25 297 82 226 135 16 274 93 37 240
172 135 274 117 260 16 71 215 82 240 297 171 222 158 139 106 64 266 216 293
50 106 214 65 70 99 225 198 2 71 215 260 100 266 194 141 171 162 35 140
50 106 65 70 89 225 39 158 141 171 35 260 159 208 112 172 83 80 261 275
50 106 214 266 264 89 225 198 71 158 147 65 194 141 171 35 243 56 260 159
87 50 65 2 283 215 293 141 171 140 260 208 252 172 24 199 178 16 297 82
50 65 71 158 58 171 46 208 112 172 187 264 20 199 178 297 228 135 274 117
50 106 65 225 198 2 39 71 158 293 266 194 141 171 35 140 56 260 286 208
87 50 214 65 110 25 178 274 261 82 240 16 60 283 158 208 215 172 86 187
50 106 65 89 225 198 123 2 39 71 158 266 194 141 171 35 192 140 56 260
87 89 125 65 15 50 198 215 141 70 35 260 159 208 172 187 80 261 275 209
89 106 65 70 50 125 39 158 171 35 8 159 208 172 262 80 178 25 187 82
50 214 65 39 283 158 141 171 35 260 286 208 172 80 16 187 82 86 31 274
139 50 65 264 89 198 123 39 215 100 194 141 187 35 171 260 159 95 208 112
70 89 106 214 65 84 18 225 123 39 283 158 141 171 35 260 159 208 112 187
89 106 214 65 70 50 283 158 141 171 260 159 208 172 80 11 16 187 82 228
87 50 214 65 198 123 71 158 194 141 171 260 286 208 112 172 275 16 297 82
99 65 89 71 158 141 171 162 35 260 46 112 294 50 20 178 275 25 297 9
89 106 65 70 50 158 141 171 260 159 208 172 80 11 16 82 31 274 117 122
89 125 214 65 70 50 198 173 74 284 283 158 141 187 192 56 260 159 208 172
89 106 65 70 50 158 141 171 260 159 208 172 80 11 16 82 31 274 117 122
87 99 214 65 89 198 123 2 71 158 194 141 294 162 171 260 286 208 112 172
139 106 216 293 121 194 162 257 241 260 159 295 10 112 243 303 96 60 297 82
106 65 225 198 224 39 71 158 266 141 171 35 56 260 208 172 187 243 291 275
87 50 106 67 65 264 89 225 198 123 2 108 39 215 266 194 141 171 35 192
87 50 214 65 5 213 133 283 158 141 187 77 260 286 208 172 243 110 80 261
89 106 214 65 70 50 283 158 141 171 260 159 208 172 80 11 16 82 31 274
87 50 214 65 264 89 225 198 123 213 133 71 158 100 266 159 141 187 35 140
99 65 89 225 198 2 133 71 158 293 194 141 171 35 192 140 56 260 286 208
50 106 65 70 89 128 198 125 39 71 215 293 100 194 141 171 149 8 260 159
106 266 293 194 162 181 159 286 33 303 60 297 82 135 31 81 34 70 224 39
87 50 214 65 225 213 71 215 293 141 187 35 171 140 260 208 172 178 261 275
50 106 65 70 89 225 39 158 141 171 35 260 159 208 172 80 261 11 16 60
87 248 65 50 20 222 178 274 14 275 114 260 141 16 283 215 82 144 172 86
50 198 39 71 215 131 187 35 171 140 8 286 264 144 252 172 119 208 20 76
89 106 64 65 70 284 99 265 173 214 71 158 100 194 141 171 202 35 56 260
89 64 65 70 50 198 2 214 283 215 141 171 56 260 208 144 252 172 187 262
50 262 35 214 65 70 31 274 275 260 16 283 158 82 37 240 72 172 141 215
50 106 65 89 225 123 213 71 158 266 194 141 171 35 56 260 159 208 112 172
87 99 64 65 70 50 214 283 215 141 171 202 260 208 144 252 172 187 262 199
106 64 266 194 162 260 159 286 112 243 303 96 60 297 82 72 31 81 122 120
106 216 293 121 194 260 159 286 112 149 297 82 72 81 34 87 125 70 176 158
139 50 106 214 266 70 264 89 225 198 265 173 125 18 2 57 73 263 215 100
99 65 70 50 198 71 215 294 171 208 172 275 16 297 82 86 135 25 274 117
70 99 106 65 15 89 225 198 2 215 293 194 141 171 35 140 56 260 286 208
50 64 65 70 198 5 214 283 158 194 171 140 8 286 208 187 264 20 275 199
248 176 65 208 93 123 274 29 117 16 271 286 297 158 82 112 240 72 172 198
87 99 106 65 50 225 198 2 71 158 266 141 171 35 140 56 77 197 260 208
89 106 156 65 18 225 198 123 213 71 158 72 100 194 141 171 35 243 140 8
158 50 35 171 208 56 178 274 81 117 16 60 39 71 215 82 240 283 298 172
87 50 106 214 65 245 99 225 198 123 213 58 71 215 184 100 266 194 195 141
70 50 171 135 82 20 25 274 93 16 297 215 208 37 240 283 294 172 153 158
106 266 225 198 39 71 158 65 141 171 35 56 260 208 172 187 174 291 264 20
99 106 214 65 50 123 224 5 2 39 71 215 194 141 171 162 202 35 56 230
50 106 214 65 70 99 198 224 5 2 39 71 215 194 141 171 162 202 35 56
87 50 106 279 70 89 128 198 173 3 133 71 215 293 100 301 194 141 171 270
99 89 125 64 65 70 50 225 114 204 280 106 18 213 39 71 158 273 293 100
50 106 214 266 225 198 123 2 71 215 65 141 187 35 171 140 56 77 260 286
99 89 125 64 65 70 50 225 114 204 280 106 18 213 39 71 158 273 293 100
99 89 125 64 65 70 50 225 114 204 280 106 18 213 39 71 158 273 293 100
50 65 70 89 128 198 39 71 215 293 100 194 141 171 35 149 56 8 260 159
106 266 202 293 194 162 260 286 46 10 112 243 230 226 60 297 82 72 31 81
283 215 301 270 171 286 264 252 172 208 285 199 178 16 297 82 135 29 274 117
87 50 106 214 65 225 198 39 71 215 293 266 141 171 35 56 260 208 187 243
106 266 70 225 198 39 215 293 65 141 171 35 56 260 208 187 243 176 264 20
87 106 266 225 39 71 215 65 141 171 35 56 260 264 172 187 243 176 208 20
87 89 106 266 225 263 158 65 141 171 35 56 260 208 172 187 243 176 264 20
89 106 65 70 225 173 263 158 266 141 171 35 56 260 208 172 187 243 176 264
87 50 214 65 15 89 91 119 2 74 71 215 141 187 171 140 260 159 286 95
106 65 225 2 39 71 158 60 266 194 141 171 35 56 260 264 127 172 187 243
106 65 70 225 2 39 158 60 266 194 141 171 35 56 260 264 127 172 187 243
106 266 225 71 215 65 141 171 35 56 260 208 187 243 176 264 20 275 16 60
106 266 70 225 71 215 65 141 171 35 56 260 208 187 243 176 264 20 275 16
106 266 225 198 39 71 215 65 141 171 35 56 260 208 172 187 243 176 264 20
106 266 70 225 198 39 215 65 141 171 35 56 260 208 172 187 243 176 264 20
89 106 65 82 50 225 158 266 141 187 35 171 56 260 159 208 172 157 243 18
89 106 65 70 50 225 158 266 141 187 35 171 56 260 159 208 172 157 243 18
106 266 225 198 123 39 71 158 245 65 141 171 35 56 260 208 172 187 243 176
106 65 225 198 39 71 215 293 266 141 171 35 56 260 208 112 187 243 176 264
106 65 70 225 198 39 71 215 266 141 171 146 35 195 56 260 208 112 187 243
87 106 65 225 198 39 71 215 293 266 141 171 35 56 260 208 172 187 243 176
106 266 70 225 198 173 39 71 158 293 65 141 171 35 56 260 208 172 187 243
106 266 70 225 198 39 71 215 293 65 141 171 35 56 260 208 187 243 176 264
106 266 70 225 198 39 71 215 293 65 141 171 35 56 260 208 187 243 176 264
106 266 225 198 123 39 71 215 245 65 141 171 35 56 260 208 172 187 243 176
289 50 106 65 70 225 198 123 173 2 263 215 100 147 171 35 136 208 172 174
106 65 225 198 39 71 215 266 141 171 35 56 260 208 112 172 187 243 176 264
87 106 214 266 225 198 213 279 39 71 158 100 65 194 141 171 35 56 260 286
50 106 214 65 225 198 125 39 71 215 245 293 266 141 171 162 35 56 260 95
106 65 70 225 198 39 71 215 266 141 171 146 35 195 56 260 208 112 187 243
106 266 225 123 39 71 158 245 65 141 171 35 56 260 208 172 187 243 176 264
106 214 266 70 225 173 39 215 65 141 171 35 56 260 286 208 172 187 243 176
106 266 70 225 39 215 65 141 171 35 56 260 208 172 187 243 176 264 20 275
87 106 266 225 198 39 71 158 65 141 171 35 56 260 264 172 187 243 176 208
106 65 225 39 71 215 293 266 141 171 35 56 260 208 187 243 176 264 20 275
106 266 70 225 39 71 215 293 65 141 171 35 56 260 208 187 243 176 264 20
156 65 198 158 194 141 171 35 8 260 159 286 208 112 172 243 110 76 199 275
158 50 140 283 81 117 274 2 16 297 93 82 240 127 252 172 222 215 89 106
89 106 214 266 70 50 225 198 173 125 2 39 71 215 220 293 100 65 141 171
106 65 225 198 39 71 215 293 266 141 171 35 56 260 208 112 187 243 176 264
106 65 70 225 198 39 71 215 266 141 171 146 35 195 56 260 208 112 187 243
106 65 225 198 39 71 215 293 266 141 171 35 56 260 208 187 243 176 264 20
106 266 70 225 198 39 71 215 293 65 141 171 35 56 260 208 187 243 176 264
106 266 225 198 123 39 71 158 245 65 141 171 35 56 260 208 172 187 243 176
106 266 70 225 39 215 65 141 171 146 35 195 56 260 208 112 172 187 243 176
106 266 70 225 39 215 65 141 171 146 35 195 56 260 208 112 172 187 243 176
106 65 70 225 39 71 215 293 266 141 171 35 56 260 208 112 187 243 176 264
106 65 70 225 39 71 215 293 266 141 171 35 56 260 208 112 187 243 176 264
106 65 225 198 123 39 71 215 245 266 141 171 35 56 260 208 112 172 187 243
106 65 70 225 198 123 173 39 71 158 266 141 171 35 56 260 208 172 187 243
106 65 70 225 198 123 173 39 71 158 266 141 171 146 35 195 56 260 208 172
106 65 225 198 123 39 71 158 245 293 266 141 171 35 56 260 208 112 172 187
106 65 225 39 71 215 293 266 141 171 35 56 260 208 187 243 176 264 20 275
106 266 70 225 39 71 215 293 65 141 171 35 56 260 208 187 243 176 264 20
87 99 125 214 65 264 50 119 280 2 283 215 293 100 194 141 187 140 260 208
106 266 225 198 123 39 71 158 245 65 141 171 35 56 260 208 172 187 243 176
106 65 225 198 39 71 215 266 141 171 35 56 260 208 112 172 187 243 176 264
106 65 70 225 198 39 215 266 141 171 35 56 260 208 112 172 187 243 176 264
106 65 225 198 39 71 215 293 266 141 171 35 56 260 208 112 187 243 176 264
106 65 70 225 198 39 215 266 141 171 146 35 195 56 260 208 112 187 243 176
106 266 225 198 39 71 215 293 65 141 171 35 56 260 208 112 172 187 243 176
106 266 70 225 198 39 71 215 65 141 171 146 35 195 56 260 208 112 172 187
106 266 225 198 123 39 71 158 245 65 141 171 35 56 260 208 172 187 243 176
106 65 225 198 39 71 215 293 266 141 171 35 56 260 208 112 187 243 176 264
87 50 214 65 70 263 158 187 260 95 208 172 262 16 82 86 31 163 14 274
106 65 70 225 198 39 71 215 266 141 171 146 35 195 56 260 208 112 187 243
106 266 225 198 123 39 71 158 245 65 141 171 35 56 260 264 172 187 243 176
106 65 225 198 39 71 215 293 266 141 171 35 56 260 208 172 187 243 176 264
106 65 70 225 198 39 71 215 293 266 141 171 35 56 260 208 172 187 243 176
106 266 70 225 39 158 65 141 171 35 56 260 208 172 187 243 18 176 264 20
106 65 225 198 39 71 215 293 266 141 171 35 56 260 208 187 243 176 264 20
106 266 70 225 198 39 71 215 293 65 141 171 35 56 260 208 187 243 176 264
106 266 225 198 39 71 215 293 65 141 171 35 56 260 208 172 187 243 176 264
106 266 70 225 198 39 71 215 293 65 141 171 35 56 260 208 172 187 243 176
106 266 225 198 39 71 215 293 65 141 171 35 56 260 208 112 172 187 243 176
106 266 70 225 198 39 71 215 65 141 171 146 35 195 56 260 208 112 172 187
106 266 225 39 71 215 65 141 171 35 56 260 208 172 187 243 176 264 20 275
106 65 70 225 39 71 215 266 141 171 35 56 260 208 172 187 243 176 264 20
106 266 225 198 39 71 215 293 65 141 171 35 56 260 208 112 172 187 243 176
106 266 70 225 198 39 71 215 65 141 171 146 35 195 56 260 208 112 172 187
106 266 225 198 39 71 215 293 65 141 171 35 56 260 208 112 172 187 243 176
50 65 225 2 215 266 194 141 35 140 56 260 286 208 172 174 243 20 31 275
106 266 70 225 198 39 71 215 65 141 171 146 35 195 56 260 208 112 172 187
106 266 225 198 39 71 215 293 65 141 171 35 56 260 208 172 187 243 176 264
106 266 70 225 198 39 71 215 293 65 141 171 35 56 260 208 172 187 243 176
106 65 225 198 39 71 215 293 266 141 171 35 56 260 208 112 187 243 176 264
106 65 70 225 198 39 71 215 266 141 171 146 35 195 56 260 208 112 187 243
106 266 225 198 39 71 215 293 65 141 171 35 56 260 208 172 187 243 176 264
106 266 70 225 198 39 71 215 293 65 141 171 35 56 260 208 172 187 243 176
106 266 70 225 39 71 215 293 65 141 171 35 56 260 208 172 187 243 176 264
106 266 225 39 71 215 293 65 141 171 35 56 260 208 172 187 243 176 264 20
106 266 225 198 39 71 158 293 65 141 171 35 56 260 208 172 187 243 176 264
106 266 70 225 198 39 71 158 293 65 141 171 35 56 260 208 172 187 243 176
106 266 225 198 123 39 71 158 245 293 65 141 171 35 56 260 208 172 187 243
106 266 225 198 39 71 215 293 65 141 171 35 56 260 208 112 172 187 243 176
106 266 70 225 198 39 71 215 65 141 171 146 35 195 56 260 208 112 172 187
87 89 106 214 65 225 71 215 204 100 266 141 171 35 56 260 208 172 243 176
50 70 89 128 198 39 71 215 293 100 194 141 171 149 8 260 286 133 264 10
106 65 225 198 39 71 215 293 266 141 171 35 56 260 208 187 243 176 264 20
106 266 70 225 198 39 71 215 293 65 141 171 35 56 260 208 187 243 176 264
158 50 257 135 171 274 95 283 117 114 16 71 93 82 240 297 194 172 298 215
106 65 225 198 123 39 71 215 245 266 141 171 35 56 260 208 112 172 187 243
106 65 225 198 39 71 215 293 266 141 171 35 56 260 208 187 243 176 264 20
106 266 70 225 198 39 71 215 293 65 141 171 35 56 260 208 187 243 176 264
106 65 225 198 39 71 215 293 266 141 171 35 56 260 208 187 243 176 264 20
106 266 70 225 198 39 71 215 293 65 141 171 35 56 260 208 187 243 176 264
87 106 266 225 108 39 71 158 65 141 171 35 56 260 264 172 243 176 208 20
87 106 266 225 39 71 158 65 141 171 35 56 260 264 172 187 243 176 208 20
106 65 70 213 215 100 194 171 35 286 208 252 20 114 60 297 82 31 135 274
106 65 225 39 71 158 293 266 141 171 35 56 260 95 208 172 187 243 176 264
106 266 70 225 39 158 293 65 141 171 35 56 260 208 172 187 243 176 264 20
106 65 225 198 39 71 215 293 266 141 171 35 56 260 208 187 243 176 264 20
106 266 70 225 198 39 71 215 293 65 141 171 35 56 260 208 187 243 176 264
106 65 225 198 39 71 215 293 266 141 171 35 56 260 208 112 187 243 176 264
106 65 70 225 198 39 71 215 266 141 171 146 35 195 56 260 208 112 187 243
106 65 225 198 39 71 215 293 266 141 171 35 56 260 208 112 187 243 176 264
106 65 70 225 198 39 71 215 266 141 171 146 35 195 56 260 208 112 187 243
222 99 125 140 20 252 2 81 117 144 16 271 297 93 82 240 194 172 86 215
70 31 215 135 303 171 37 117 260 141 16 256 297 93 82 293 240 65 172 86
106 266 225 39 71 215 293 65 141 171 35 56 260 208 112 172 187 243 176 264
106 266 70 225 39 71 215 65 141 171 146 35 195 56 260 208 112 172 187 243
266 225 71 158 65 141 171 35 56 260 208 172 187 243 176 264 20 275 178 16
65 70 225 158 266 141 171 35 56 260 208 172 187 243 176 264 20 275 178 16
106 266 225 39 71 215 65 141 171 35 56 260 208 172 187 243 176 264 20 275
106 65 70 225 39 158 266 141 171 35 56 260 208 172 187 243 176 264 20 275
106 266 225 198 39 71 215 293 65 141 171 35 56 260 208 112 172 187 243 176
106 266 70 225 198 39 71 215 65 141 171 146 35 195 56 260 208 112 172 187
106 65 225 198 39 71 215 293 266 141 171 35 56 260 208 112 187 243 176 264
106 65 70 225 198 39 71 215 266 141 171 146 35 195 56 260 208 112 187 243
266 225 71 158 65 141 171 35 56 260 208 172 187 243 176 264 20 275 178 16
65 70 225 158 266 141 171 35 56 260 208 172 187 243 176 264 20 275 178 16
106 65 225 198 71 158 266 141 171 35 56 260 208 112 172 187 243 176 264 20
106 65 70 225 198 158 266 141 171 35 56 260 208 112 172 187 243 176 264 20
50 214 65 198 283 158 194 141 187 260 172 262 20 40 209 114 16 82 86 228
106 266 225 198 39 71 158 65 141 294 35 171 140 260 208 252 172 187 291 275
106 36 216 293 121 194 260 159 286 112 60 297 82 81 122 87 70 176 231 75
87 50 214 65 225 198 2 39 71 158 293 266 141 171 35 140 8 260 208 172
212 50 106 156 266 264 225 119 2 71 158 293 100 65 194 141 187 79 35 171
87 50 106 70 89 128 198 173 133 71 215 293 100 194 141 171 35 219 31 149
50 70 89 128 198 39 71 215 293 100 194 141 171 149 8 260 286 133 264 10
65 2 71 158 194 141 171 140 260 208 172 178 16 297 82 298 257 135 25 274
50 198 39 71 158 131 187 35 171 8 286 264 144 252 172 119 208 20 76 199
50 214 266 225 123 39 71 215 100 65 141 171 35 260 208 144 252 172 187 264
50 70 117 71 215 194 171 140 252 172 20 178 114 16 297 82 298 135 25 274
87 89 106 266 50 225 123 213 71 158 65 141 187 35 192 140 56 260 159 208
106 266 234 184 162 260 286 46 10 112 291 264 96 48 271 297 82 72 31 81
212 50 106 214 65 70 99 225 198 2 39 263 158 100 266 194 171 162 35 254
50 283 158 194 171 172 20 114 16 297 82 298 257 135 274 117 93 240 71 34
87 50 65 70 89 74 158 192 260 172 133 209 16 82 226 14 274 91 117 37
139 89 106 214 266 70 264 99 198 2 73 71 158 260 100 194 262 187 84 35
106 65 225 2 39 71 158 194 141 171 202 35 140 56 260 159 286 208 172 284
50 106 214 65 70 89 128 198 39 71 215 293 100 194 141 171 149 8 260 286
50 106 214 65 70 89 128 198 39 71 215 293 100 194 141 171 149 8 260 286
50 106 214 65 70 99 225 198 2 263 215 260 100 266 194 141 171 162 35 140
106 216 293 121 194 260 159 286 112 149 297 82 72 81 34 87 125 70 176 158
139 106 266 202 162 257 260 47 286 10 112 243 291 268 60 297 82 72 166 31
89 106 214 65 264 50 265 71 158 194 141 171 202 35 56 260 286 46 303 112
50 106 65 225 198 2 39 71 158 266 194 141 171 35 140 56 260 286 208 172
99 214 70 50 173 71 215 194 187 35 286 208 144 172 18 284 288 248 80 178
289 50 106 214 65 89 225 119 123 224 213 71 158 245 204 100 266 141 211 171
50 106 65 225 198 2 108 39 215 266 194 141 171 35 140 56 260 286 208 187
99 89 106 214 65 70 264 50 225 81 198 213 74 39 71 158 100 266 194 141
50 106 65 70 264 89 225 198 173 224 2 108 39 263 158 100 147 194 211 171
50 106 65 89 225 198 224 2 297 39 263 158 293 100 266 194 141 171 35 243
89 266 50 225 119 2 39 71 158 60 65 88 141 171 35 140 56 260 47 264
106 65 225 71 215 293 100 141 211 187 35 171 140 56 260 159 208 112 172 174
50 65 89 225 2 215 266 141 187 35 140 260 208 172 174 243 110 261 275 16
50 65 225 198 2 71 158 141 294 35 171 140 260 208 112 172 187 80 275 114
33 125 214 65 124 89 225 119 123 41 18 117 71 215 245 204 100 266 141 264
50 106 214 70 89 128 198 3 39 71 215 293 100 301 194 141 171 270 149 8
99 89 106 156 65 50 225 198 123 213 190 71 158 293 100 194 141 211 171 35
87 50 106 266 264 89 225 119 123 216 5 2 108 133 71 158 75 65 194 159
50 106 214 65 264 99 225 198 123 224 71 215 293 100 266 194 141 211 187 162
50 106 65 70 225 2 158 266 194 187 35 171 140 56 260 286 208 172 174 243
262 65 82 89 274 123 117 260 16 192 133 283 215 208 112 240 72 172 86 158
99 89 106 65 50 225 224 133 71 215 100 266 194 141 211 171 35 192 140 56
99 106 214 65 264 89 225 303 123 71 215 60 100 266 194 141 171 162 202 35
87 50 65 89 128 198 133 71 215 293 100 194 141 171 35 219 31 56 8 260
87 50 65 70 89 128 198 173 133 71 215 293 100 194 141 171 35 219 31 56
50 106 70 89 128 198 39 71 215 293 100 194 141 171 149 8 260 159 286 133
50 214 65 264 225 198 71 158 293 266 141 211 171 35 140 56 260 159 208 112
89 65 70 50 158 100 141 187 171 192 8 260 159 208 172 262 176 133 80 178
50 214 65 225 198 213 71 158 141 171 35 140 260 208 172 187 80 178 2 275
106 64 266 293 194 162 260 159 286 112 243 96 60 297 82 81 122 174 34 125
139 106 266 284 180 184 121 194 26 260 159 286 112 60 297 82 72 166 31 81
89 125 214 65 70 50 283 215 141 260 159 208 252 172 157 261 178 16 271 297
99 50 106 214 266 264 89 225 91 119 2 74 133 71 158 293 100 65 194 141
87 89 106 214 65 50 225 91 198 123 125 2 74 58 133 71 158 245 100 266
87 50 106 70 89 128 198 173 133 71 215 293 100 194 141 171 35 219 31 149
99 89 106 214 65 70 264 50 225 81 198 173 213 74 71 158 100 266 194 141
65 70 264 225 198 2 158 60 100 266 194 141 171 35 140 56 159 286 208 144
87 89 106 214 65 70 50 128 91 119 280 125 108 73 283 158 194 74 141 171
50 106 266 70 89 225 198 2 39 263 215 194 171 35 140 56 286 208 172 174
87 89 125 214 65 70 264 50 225 91 198 123 106 117 108 73 71 215 96 100
50 106 214 65 70 99 225 198 2 39 71 158 260 100 266 194 141 171 162 35
50 106 65 70 89 225 125 2 263 215 266 194 141 171 35 140 56 260 286 208
50 106 156 65 225 198 123 224 214 283 158 266 194 141 171 35 77 260 159 286
289 99 106 214 65 70 264 89 225 303 123 268 71 215 245 60 100 266 194 85
87 89 214 65 70 18 198 263 215 192 260 208 172 50 262 133 261 178 16 82
87 89 214 65 50 283 215 141 159 286 208 172 261 178 16 82 86 31 274 117
50 106 70 89 128 198 125 39 71 215 293 100 194 141 171 149 8 260 159 286
99 89 106 214 65 50 91 198 2 74 39 71 158 100 147 141 171 35 192 140
50 106 214 65 70 99 225 198 2 39 71 158 260 100 266 194 171 162 35 140
89 106 65 264 50 225 123 158 293 147 194 141 211 187 35 171 192 140 56 260
87 89 214 65 50 91 198 123 5 74 283 158 245 16 141 294 35 192 260 159
106 64 266 194 162 260 159 286 112 243 303 226 60 297 82 72 31 81 122 34
50 70 89 128 198 3 39 71 215 293 100 301 194 141 171 270 149 8 260 286
106 36 216 293 121 194 260 159 286 112 149 60 297 82 72 81 34 87 125 70
50 70 89 128 198 3 39 71 215 293 100 301 194 141 171 270 149 8 260 286
50 70 89 128 198 3 39 71 215 293 100 301 194 141 171 270 149 8 260 286
50 106 214 65 303 99 225 198 123 2 39 71 158 100 266 194 141 171 162 202
87 106 266 225 39 71 158 65 141 171 35 56 260 264 172 187 243 176 208 20
106 266 202 293 194 162 260 286 10 112 243 230 226 60 297 82 31 81 34 87
50 106 214 65 303 99 225 198 123 125 2 39 71 158 100 266 194 141 171 162
50 106 65 225 198 125 2 39 71 158 266 194 141 171 35 140 56 260 286 208
89 106 214 65 50 198 71 158 293 194 141 187 171 260 286 208 252 172 24 80
87 89 125 65 70 50 198 173 176 283 158 301 194 141 171 192 8 260 286 95
50 214 65 89 225 119 123 215 260 135 85 211 187 162 35 113 171 140 202 8
50 198 39 283 215 194 171 260 208 252 187 24 199 178 16 297 82 86 172 135
50 106 214 65 70 225 215 100 266 194 171 35 254 56 208 112 172 174 262 291
106 266 234 293 194 162 260 286 10 112 243 226 48 60 297 82 31 81 34 87
50 65 198 39 283 215 194 141 294 171 260 208 112 252 172 187 262 176 24 178
50 106 65 225 198 2 108 39 215 266 194 141 171 35 140 56 260 286 208 187
50 106 67 65 70 89 225 119 2 108 39 15 215 266 194 141 171 35 140 56
87 50 106 214 65 70 264 99 225 198 123 259 2 108 104 176 71 158 293 100
87 50 106 214 65 70 264 99 225 198 123 2 108 71 215 184 72 100 266 194
99 106 65 70 50 225 119 213 39 263 158 100 266 194 159 141 187 35 140 56
99 50 106 214 65 89 198 123 5 2 39 71 215 60 100 194 141 187 35 171
50 106 65 70 89 198 125 2 39 71 215 60 100 194 141 187 35 171 149 140
99 50 106 214 65 89 198 123 5 2 39 71 215 60 100 194 141 187 35 171
50 65 198 283 215 194 141 187 260 252 172 20 40 209 114 25 82 86 228 226
50 106 65 70 89 198 125 2 39 71 215 60 100 194 141 187 35 171 149 140
99 50 125 65 70 284 89 128 198 173 2 39 71 215 293 100 194 141 171 149
50 106 65 225 198 213 39 71 158 266 194 141 211 171 35 140 56 260 286 208
89 214 65 50 225 119 123 2 71 215 266 141 133 35 171 192 140 260 159 264
89 125 65 165 225 123 106 71 158 266 141 211 187 35 171 192 140 59 260 208
89 106 214 65 50 71 158 100 194 141 171 35 56 260 286 112 172 261 178 114
50 67 65 198 123 108 39 215 100 160 171 35 260 95 208 103 112 187 20 290
31 214 135 208 172 50 274 178 57 240 11 16 117 283 215 82 103 100 171 86
212 125 65 70 263 158 293 100 171 79 254 95 208 253 20 275 306 297 9 82
243 106 65 225 198 39 71 158 245 266 141 171 35 56 210 260 159 95 208 179
212 50 106 214 266 70 99 225 198 2 39 263 215 293 100 194 171 162 35 254
50 106 214 65 70 99 225 198 125 2 39 71 158 260 100 194 141 171 162 35
50 125 214 65 124 225 198 123 39 215 245 293 266 141 211 187 35 140 56 151
70 89 214 65 82 50 150 71 215 293 141 171 260 208 172 187 157 18 40 261
70 89 214 65 82 50 150 71 215 293 141 171 260 208 172 157 18 40 261 178
50 106 65 70 225 123 213 215 266 194 298 171 146 35 195 56 208 112 172 174
50 106 67 65 15 264 89 225 198 123 156 18 213 73 71 158 293 100 266 194
99 106 214 266 303 89 225 198 123 2 176 71 215 100 65 194 141 211 171 162
212 50 106 214 65 70 99 225 198 2 39 263 158 293 100 266 194 171 162 35
139 106 266 284 180 184 121 194 26 260 159 286 112 60 297 82 72 166 31 81
89 65 70 18 39 283 158 100 171 35 192 286 208 172 262 133 80 16 82 185
87 89 106 65 84 50 91 198 5 2 74 71 158 293 100 16 141 187 0 35
89 106 65 70 50 125 158 171 8 260 159 172 262 80 178 16 297 82 298 86
87 50 106 65 5 2 283 158 194 141 171 35 77 260 286 208 172 187 243 178
50 2 283 158 194 187 35 56 77 260 286 208 172 243 178 16 82 274 117 142
50 106 214 266 264 99 225 303 123 41 18 2 71 158 293 100 65 194 5 141
158 135 82 264 222 274 199 117 26 16 306 180 297 93 208 215 283 171 240 187
158 135 82 264 222 274 199 117 26 16 306 180 297 93 208 215 283 171 240 187
106 293 194 162 260 286 112 243 291 303 96 271 297 82 72 279 81 177 34 14
50 106 65 70 89 128 198 125 39 71 215 293 100 194 141 171 149 8 260 159
87 50 65 70 89 128 198 3 133 71 215 293 100 301 194 141 171 270 219 31
87 50 65 70 89 128 198 3 133 71 215 293 100 301 194 141 171 270 219 31
266 5 121 194 113 260 159 286 46 112 243 303 60 297 82 81 34 87 70 123
89 106 65 70 125 158 171 8 202 208 172 262 80 261 178 16 297 82 298 31
87 50 106 214 65 15 89 198 125 133 71 215 293 100 194 141 171 219 70 149
87 50 125 65 15 89 198 133 71 215 293 100 194 141 171 219 70 149 56 8
87 89 106 214 65 15 50 213 74 283 215 100 194 141 70 162 202 35 171 56
87 89 214 266 70 50 225 198 224 213 158 204 65 194 141 171 35 140 56 260
50 5 2 283 158 187 35 77 260 286 208 172 243 178 16 82 298 86 274 117
87 89 106 214 65 50 225 91 198 123 125 2 74 58 133 71 158 245 100 266
106 65 225 198 71 158 293 141 211 171 35 140 56 260 208 112 172 187 174 243
106 65 225 198 71 215 266 141 211 187 35 171 140 56 260 208 112 172 174 243
50 65 5 213 283 215 194 260 286 144 172 174 20 178 25 82 248 16 274 117
106 65 225 198 39 71 158 141 171 35 56 260 208 294 306 275 16 60 187 257
106 266 225 198 39 71 158 65 141 171 35 56 260 208 172 291 275 16 60 187
50 106 5 2 283 158 187 35 77 260 286 208 172 243 178 16 82 298 86 274
50 106 214 65 70 89 128 198 3 39 71 215 293 100 301 194 141 171 270 149
50 65 225 2 39 215 100 266 194 141 171 35 140 56 260 286 208 172 174 20
87 99 259 214 65 227 225 91 119 123 106 2 176 71 158 204 100 266 194 141
50 106 70 89 225 198 2 39 158 194 171 35 140 56 286 208 172 174 262 20
50 106 214 65 70 99 225 198 293 2 39 71 158 260 100 266 194 141 171 162
99 125 214 65 70 264 50 225 198 173 106 117 64 71 215 293 100 301 194 141
99 125 214 65 15 89 225 198 224 2 133 71 215 293 194 141 187 162 35 171
50 5 2 283 158 187 35 77 260 286 208 172 243 178 16 82 298 274 117 142
50 106 214 65 303 99 225 198 123 226 2 39 71 158 293 100 266 194 141 171
50 106 65 225 198 2 39 71 158 266 194 141 171 35 140 56 260 286 208 172
99 106 214 65 15 264 50 225 198 123 2 108 71 158 293 266 194 141 187 35
139 106 266 184 194 254 260 159 286 10 112 243 60 297 82 72 81 122 174 34
87 89 106 214 65 15 50 213 39 71 158 141 171 35 56 260 286 46 208 112
89 106 214 65 124 50 225 119 123 41 18 71 158 245 60 100 266 131 141 171
50 156 65 225 213 39 215 266 194 141 171 35 56 260 208 172 187 174 243 291
50 2 283 158 187 35 77 260 286 208 172 243 178 16 82 298 228 274 117 142
50 106 65 225 198 123 71 158 266 194 141 211 171 35 140 56 8 24 260 286
212 50 106 214 266 70 99 225 198 2 39 71 158 100 194 171 162 35 254 140
212 50 106 214 266 70 284 99 225 198 173 125 2 39 71 158 100 194 171 162
50 106 156 266 225 198 123 224 214 71 158 65 194 141 187 35 171 56 77 260
106 266 234 293 194 162 260 286 10 112 243 303 48 60 297 82 72 31 81 34
99 106 214 65 15 264 89 225 198 2 176 71 215 293 100 266 194 141 171 162
99 106 214 65 15 264 89 225 198 2 176 71 215 293 100 266 194 141 171 162
50 106 214 65 264 99 225 198 123 2 176 71 215 100 266 194 141 171 162 202
50 106 65 70 225 198 2 39 158 266 194 141 171 35 140 56 260 286 208 172
139 106 64 266 216 121 194 162 260 159 286 243 230 271 297 82 72 81 157 34
50 106 65 225 2 39 71 158 266 194 141 171 35 140 56 260 286 208 187 174
139 106 64 266 194 162 260 159 286 112 33 303 230 96 60 297 82 72 31 81
50 214 5 283 158 171 260 208 172 178 25 297 82 257 86 31 135 274 117 240
65 225 123 71 215 293 141 211 171 35 140 56 260 208 112 172 174 243 76 275
50 65 123 283 215 58 194 187 35 171 286 208 112 172 110 76 16 271 297 82
50 106 214 65 303 99 225 198 123 2 176 71 215 100 266 194 141 171 162 202
87 99 106 214 65 15 264 89 225 198 290 2 108 176 71 215 293 100 194 141
87 99 106 214 65 15 264 89 225 198 290 2 108 176 71 215 293 100 194 141
99 106 214 266 264 89 225 119 123 280 226 5 2 73 71 158 204 100 65 194
50 106 65 70 225 2 215 266 194 171 35 140 56 260 286 234 208 172 187 174
50 156 266 70 225 119 173 2 39 158 60 65 141 110 35 171 56 8 260 264
106 65 225 71 215 293 266 141 211 171 35 140 56 260 159 208 112 172 187 174
50 198 280 2 39 71 215 194 171 35 140 8 260 286 264 144 127 252 172 187
99 65 50 198 39 283 158 194 141 187 35 171 56 260 286 208 172 25 60 82
158 50 257 65 208 93 274 117 260 16 283 0 82 194 172 141 153 215 71 293
106 65 225 108 71 158 266 141 171 35 56 260 264 172 187 174 208 20 178 275
70 99 106 65 15 50 225 198 173 2 215 293 141 187 35 171 140 56 8 260
139 106 266 5 293 194 162 260 286 112 243 303 230 226 60 297 82 135 31 81
106 65 225 198 213 71 158 293 141 211 171 35 140 56 260 159 208 112 172 187
99 214 65 89 225 119 123 71 215 245 293 266 194 141 211 171 162 35 140 56
106 156 65 225 224 71 215 141 211 171 35 140 56 260 159 208 112 172 187 243
89 106 65 70 50 225 2 108 158 171 35 140 56 159 208 172 306 262 20 80
87 89 65 264 123 108 158 75 141 187 192 260 45 208 112 262 133 16 297 82
212 65 225 224 71 215 141 171 79 35 140 56 260 208 112 172 187 243 253 76
106 266 234 293 162 260 286 10 112 243 303 226 48 60 297 82 72 31 81 34
50 106 65 70 89 225 198 2 39 15 158 194 171 35 192 140 56 286 208 172
139 106 64 266 5 293 194 162 260 159 286 112 243 303 230 226 60 297 82 31
50 125 214 65 70 283 158 162 95 208 172 262 20 178 16 297 82 86 31 274
87 89 106 214 65 70 99 128 119 173 117 133 71 215 220 204 100 266 194 141
212 50 65 283 215 100 194 141 79 146 195 260 172 253 275 16 297 82 14 117
50 106 65 225 198 123 213 39 71 158 293 266 194 141 171 35 56 8 260 208
50 106 65 70 89 225 198 2 39 263 158 100 266 194 171 35 254 140 56 286
139 106 266 234 194 162 260 286 112 33 303 60 297 82 72 31 81 177 34 14
70 89 214 65 82 50 150 71 215 293 141 171 260 88 208 172 187 157 18 40
89 106 214 65 70 99 119 265 173 108 284 71 158 100 194 50 171 35 56 202
106 65 70 225 119 213 39 158 100 266 194 141 171 35 56 260 159 286 264 252
50 156 65 225 198 123 224 214 71 158 266 194 141 171 35 56 8 260 159 286
50 106 214 266 165 89 225 198 123 18 213 71 215 293 100 65 194 141 187 35
87 50 106 214 70 89 128 198 133 71 158 293 100 194 141 171 219 31 149 56
50 65 198 71 215 293 171 260 208 144 172 187 248 80 178 16 297 82 86 73
50 65 198 283 215 293 171 260 208 144 187 248 80 178 16 297 82 86 73 172
99 214 65 50 123 39 71 215 293 141 171 35 56 260 46 208 144 248 187 262
50 214 65 54 280 5 117 283 158 194 264 171 140 303 144 127 252 172 187 208
50 64 65 70 198 5 214 283 158 194 171 140 8 286 208 187 264 20 275 199
87 50 106 214 65 70 89 128 198 133 71 158 293 100 194 141 171 219 31 149
50 214 65 89 71 158 141 171 260 208 172 178 40 261 275 25 297 82 31 135
50 198 39 71 215 194 131 171 35 140 8 286 264 144 127 252 172 187 208 76
99 106 266 225 198 125 39 71 158 65 141 171 35 56 260 208 172 187 20 275
212 50 106 214 65 70 99 225 198 224 2 39 263 158 100 194 171 162 35 254
212 50 106 214 65 70 99 225 198 2 39 263 158 100 266 194 171 162 35 254
139 106 64 266 284 194 162 260 159 286 112 243 291 303 230 96 60 297 82 72
106 266 216 5 121 194 162 260 159 46 243 271 297 82 81 34 87 70 176 158
50 106 214 65 70 264 99 225 198 2 71 215 100 266 194 141 171 162 202 35
99 106 214 65 89 225 198 2 71 158 266 141 294 35 171 140 56 260 283 208
212 50 106 65 70 89 225 198 2 39 263 158 100 266 194 211 171 35 254 140
87 50 106 70 89 128 198 173 18 133 71 158 293 100 194 141 171 35 219 31
89 214 65 50 198 123 283 215 141 294 35 260 208 112 172 262 110 275 16 82
212 99 106 214 65 264 197 225 198 123 213 71 158 293 100 194 159 90 211 187
99 50 106 67 65 84 89 225 123 18 2 71 158 266 194 159 141 171 35 192
87 89 65 50 123 108 283 158 141 187 192 260 208 112 172 262 133 16 82 72
50 106 279 65 225 198 2 39 71 158 266 194 141 171 35 140 56 260 286 208
87 50 106 214 65 15 264 89 225 198 265 96 18 2 58 176 71 215 100 266
87 50 106 214 65 70 264 99 225 198 123 156 2 71 158 184 100 266 194 195
50 106 214 65 70 99 225 198 290 2 108 39 71 215 260 100 266 194 141 171
50 156 65 225 198 123 224 214 283 158 266 194 141 171 35 8 260 159 286 208
50 15 71 215 293 171 146 195 208 172 178 16 297 82 298 228 135 274 117 256
139 99 106 214 65 15 264 89 225 198 123 125 2 176 71 215 293 100 194 141
87 50 65 89 128 198 290 18 201 108 133 71 215 75 293 100 194 141 171 35
87 50 125 285 70 284 89 128 198 173 106 18 3 133 71 215 293 100 301 194
106 266 216 121 194 254 260 159 286 243 60 297 82 72 81 177 34 87 125 156
106 266 225 2 71 158 293 100 65 194 141 187 35 171 140 56 8 260 286 208
50 125 198 39 283 215 171 208 144 252 172 20 24 199 178 16 297 82 86 135
139 106 266 284 180 184 121 194 26 260 286 112 60 297 82 72 166 31 81 122
50 214 266 198 123 2 71 158 65 141 171 35 140 260 208 187 264 24 40 275
50 65 89 119 123 283 158 141 187 192 260 264 112 252 172 262 133 16 297 82
50 106 65 225 123 71 158 266 194 141 211 171 35 140 56 8 260 286 208 112
106 266 225 125 39 71 215 65 141 171 35 56 260 208 187 174 243 80 275 178
89 106 266 225 123 2 71 158 65 141 171 35 140 260 159 208 112 187 174 306
87 89 106 65 264 50 225 123 2 39 71 215 266 194 141 187 35 171 192 140
89 65 50 224 213 39 71 215 141 294 35 171 192 260 208 172 187 133 230 16
89 65 50 198 123 2 71 215 293 141 171 192 140 260 208 112 294 262 133 20
87 89 106 214 65 50 225 123 71 215 266 141 187 35 171 192 140 260 208 112
87 89 125 65 70 284 50 128 198 173 106 31 74 133 71 215 293 100 301 194
89 106 214 65 70 50 125 283 158 171 8 159 208 172 187 262 80 178 16 297
87 50 214 70 99 173 71 215 171 35 20 8 260 159 89 208 144 127 172 262
50 106 65 70 225 198 123 213 39 158 266 194 211 171 146 35 195 140 56 286
50 106 65 70 225 198 2 39 158 293 266 194 141 171 35 140 56 260 286 208
106 266 216 121 194 113 260 159 286 112 243 60 297 82 72 81 177 34 87 156
89 106 214 65 99 225 198 123 156 2 71 158 293 100 194 159 141 211 171 162
232 216 106 5 293 194 260 159 286 10 112 243 60 297 82 72 122 157 34 87
212 99 106 65 15 89 225 198 2 133 215 293 194 141 171 35 70 140 56 260
87 89 214 65 70 198 39 215 194 141 171 192 260 133 208 252 172 119 187 262
89 214 65 70 50 225 119 213 190 39 283 215 100 194 141 187 35 56 260 286
87 50 106 214 70 89 128 198 133 71 158 293 100 194 141 171 219 31 149 56
50 106 65 225 198 39 71 158 266 194 141 211 171 35 140 56 260 286 208 172
87 99 106 65 15 249 89 225 198 123 2 108 71 215 293 121 266 194 141 171
99 214 65 15 89 225 198 224 2 71 215 293 100 194 141 171 162 35 140 56
99 106 214 65 50 198 224 39 283 158 100 194 141 171 35 56 260 286 208 172
156 266 70 225 123 39 158 65 141 187 35 56 260 264 144 171 208 20 24 275
65 70 225 119 117 39 158 187 35 260 264 144 252 171 208 20 31 275 16 271
99 125 266 50 225 2 71 215 65 141 211 187 35 171 140 56 260 286 208 112
50 125 156 266 225 106 214 71 158 65 194 141 211 187 35 171 140 56 77 260
106 266 234 293 194 162 260 286 46 10 112 243 48 60 297 82 31 81 34 87
106 293 121 194 113 260 159 286 10 112 243 303 149 60 297 82 72 81 122 120
50 285 70 89 128 198 3 39 71 215 293 100 301 194 141 171 270 35 149 8
50 214 65 70 89 128 198 3 39 71 215 293 100 301 194 141 171 270 149 8
50 70 89 128 198 3 39 71 215 293 100 301 194 141 171 270 149 8 260 286
50 70 89 128 198 3 39 71 215 293 100 301 194 141 171 270 149 8 260 286
50 125 70 89 128 198 2 39 71 215 293 100 194 141 171 149 140 8 260 159
212 87 125 64 65 70 89 128 198 39 263 215 194 141 171 79 35 225 286 208
33 106 266 264 225 119 213 39 71 158 100 65 194 141 171 35 260 159 286 208
212 87 125 64 65 89 263 215 141 187 79 264 127 252 253 208 20 199 16 297
87 50 214 266 70 128 39 71 158 65 194 141 171 35 56 260 225 286 208 172
139 106 64 266 293 58 194 162 260 159 286 112 243 303 230 96 60 297 82 72
106 266 234 293 162 113 260 286 10 112 243 303 48 60 297 82 72 31 81 34
99 50 106 214 65 284 89 128 198 173 39 71 215 293 100 194 141 171 136 192
99 106 65 15 89 225 198 2 71 215 293 194 141 187 35 171 140 56 260 159
50 106 214 65 303 99 225 198 123 2 176 71 215 100 266 194 141 171 162 202
50 65 225 123 2 71 215 245 100 147 194 141 211 133 35 140 56 260 159 286
50 262 172 70 25 274 117 89 16 192 133 283 215 82 37 240 72 187 86 158
33 106 65 70 225 213 39 158 100 266 194 141 171 35 159 286 264 172 187 174
106 266 234 293 121 194 162 260 159 295 112 243 303 268 60 297 82 72 31 81
139 106 293 58 194 162 260 286 112 243 303 230 271 297 82 72 31 81 34 87
87 89 65 70 50 283 215 192 260 208 172 262 133 209 25 82 72 16 274 37
106 156 266 225 198 2 108 71 158 100 65 194 141 160 187 35 257 171 140 56
87 99 106 214 65 264 89 225 198 293 224 2 176 71 158 204 100 266 194 141
106 266 234 293 194 162 260 286 10 112 243 303 48 60 297 82 72 31 81 34
158 248 257 65 82 50 214 274 178 117 16 286 283 215 208 58 110 172 194 187
50 106 65 225 2 71 158 266 194 141 187 35 171 140 56 260 286 208 172 174
50 64 65 70 198 5 214 283 158 194 171 140 8 286 208 187 264 20 275 199
212 50 106 214 266 70 99 225 198 173 2 108 39 71 215 100 194 171 162 35
212 50 106 214 65 70 99 225 198 2 39 263 158 293 100 194 171 162 35 254
87 50 106 70 89 128 198 3 133 71 215 293 100 301 194 141 171 270 219 31
89 106 65 123 213 39 71 215 100 194 141 171 35 192 260 286 208 112 172 262
89 106 65 70 50 158 141 171 260 159 208 172 80 11 16 82 31 274 117 122
158 248 257 65 82 50 214 274 178 117 5 16 286 283 215 208 110 172 194 187
89 65 18 123 283 215 187 171 260 208 112 172 50 262 25 297 82 72 298 86
89 106 65 70 50 215 100 171 159 208 172 157 80 261 25 297 82 298 86 31
87 50 106 67 70 249 89 128 198 290 173 18 108 121 133 71 215 293 100 194
248 214 65 110 20 50 178 274 208 117 5 114 16 286 283 215 82 240 194 172
99 106 65 89 225 198 224 5 2 133 71 158 293 194 141 171 35 243 192 140
89 106 65 70 50 213 283 158 171 35 260 172 262 178 25 82 72 86 16 274
87 50 125 65 280 94 263 215 273 194 141 294 171 260 283 264 144 127 252 187
87 50 65 15 89 198 133 71 215 293 100 301 194 141 171 270 35 219 70 149
87 99 125 214 65 54 264 89 119 106 2 15 215 293 100 194 141 187 162 202
106 266 284 216 234 293 121 194 162 257 260 159 286 10 112 243 264 96 60 297
139 50 65 70 89 198 213 39 71 215 100 187 35 254 208 171 15 262 80 16
87 99 106 214 65 70 89 128 6 119 280 96 18 183 73 71 158 204 100 194
106 266 216 121 194 254 260 159 286 243 60 297 82 72 81 177 34 87 125 156
89 106 65 70 50 125 158 171 8 159 172 262 80 178 16 297 82 298 31 135
89 65 70 50 158 100 141 187 171 192 8 159 208 172 262 176 133 80 178 275
139 50 125 214 266 70 89 225 91 119 173 224 213 74 263 158 260 100 65 194
106 266 216 293 121 194 254 260 159 286 243 60 297 82 72 81 177 34 87 125
139 106 266 284 184 194 162 260 47 286 112 230 96 60 297 82 72 31 81 120
50 106 266 70 225 39 158 65 171 35 243 56 260 208 172 187 174 33 264 20
50 266 225 71 215 58 65 171 35 260 286 208 172 187 243 60 297 82 118 135
106 266 216 293 121 194 113 260 159 286 112 243 60 297 82 72 81 177 34 87
50 70 89 128 198 3 39 71 215 293 100 301 194 141 171 270 149 8 260 286
106 266 216 234 293 121 194 162 260 159 286 10 243 176 226 60 297 82 81 34
89 106 214 65 70 50 283 158 141 171 260 159 208 112 172 80 275 11 16 82
87 50 214 65 198 117 71 158 171 35 260 208 172 187 110 80 178 275 16 60
50 106 65 70 225 198 2 215 293 194 141 171 35 140 56 8 260 286 208 172
89 125 214 65 50 106 71 158 100 194 141 171 35 56 260 159 286 208 112 172
50 172 135 82 25 235 274 117 16 256 71 215 208 293 240 297 283 171 187 158
50 65 198 123 283 158 245 58 286 264 172 262 208 199 275 16 297 82 86 228
50 106 65 225 198 123 39 71 215 266 194 141 211 171 35 56 260 286 208 112
65 225 198 39 71 158 141 171 35 260 159 208 294 291 275 60 187 31 172 135
89 156 65 225 198 224 190 97 71 158 293 266 194 141 211 171 35 140 56 260
70 99 106 65 15 249 89 225 198 224 2 108 218 215 293 194 141 171 35 140
212 50 106 214 65 70 264 225 198 123 125 213 73 158 100 266 194 211 171 79
99 106 214 65 89 225 123 39 71 158 60 100 266 194 141 171 162 202 35 56
106 266 202 293 194 162 260 286 10 112 243 230 226 60 297 82 31 81 34 87
65 264 225 123 39 71 158 293 147 194 141 171 35 140 56 260 286 208 112 172
50 106 214 65 70 89 128 198 39 71 215 293 100 194 141 171 149 8 260 286
243 31 208 65 192 142 56 91 2 260 117 89 16 286 71 82 240 50 172 86
50 65 198 5 283 215 194 141 187 260 208 172 20 40 114 209 16 297 82 86
89 214 65 50 123 280 283 215 194 141 187 192 260 95 208 144 127 172 262 133
139 50 125 214 65 198 123 106 39 71 215 100 141 187 35 195 260 95 208 112
50 106 214 266 99 225 123 39 71 215 293 65 141 171 35 56 260 208 172 187
87 89 125 65 70 264 50 81 198 173 74 39 71 215 220 194 171 192 56 8
87 89 214 65 50 198 123 5 2 71 158 220 141 171 35 77 260 286 208 112
139 99 106 214 65 264 89 198 73 71 202 100 266 194 141 171 162 56 260 286
89 106 65 70 50 125 158 171 8 159 172 262 80 261 178 16 297 82 298 31
106 214 266 225 198 123 39 71 215 65 141 171 35 56 260 208 112 172 187 291
50 214 31 178 274 81 117 16 60 283 215 82 240 298 172 222 158 87 106 65
50 214 65 82 89 2 71 215 141 171 8 260 159 208 252 172 18 199 261 178
50 106 214 65 303 99 225 198 123 226 2 39 71 158 100 266 194 141 171 162
198 39 283 215 194 171 208 112 252 172 187 24 178 199 275 16 297 82 86 135
50 106 65 70 225 198 224 2 39 158 100 266 194 141 171 35 254 140 56 260
50 106 65 15 89 213 71 215 100 147 141 171 35 260 286 208 172 20 76 48
50 198 39 71 158 194 131 171 35 140 8 286 264 144 127 252 172 187 208 76
50 106 65 225 198 123 213 39 71 158 266 194 141 171 35 243 56 260 159 208
106 65 225 198 73 71 158 194 141 211 171 35 56 8 260 159 208 10 172 187
99 50 106 65 70 89 225 198 2 39 15 158 194 141 171 35 149 140 56 260
50 106 65 225 198 123 213 39 71 158 266 194 141 211 171 35 140 56 8 260
106 266 234 162 260 286 10 112 243 291 303 255 60 297 82 72 31 81 34 125
50 106 65 70 225 198 123 125 2 73 215 266 194 171 35 56 8 208 112 127
106 64 266 293 194 162 260 159 286 112 243 303 226 60 297 82 72 81 122 34
89 214 65 50 198 71 215 171 35 208 172 187 80 178 261 275 16 60 297 82
87 50 214 65 89 128 198 5 133 71 215 293 100 194 141 171 35 219 31 56
89 106 214 65 50 225 198 2 58 176 71 158 293 100 194 141 171 162 202 35
50 106 67 65 225 198 2 108 39 215 266 194 141 171 35 140 56 260 286 95
50 65 198 39 283 215 194 141 294 171 260 208 112 252 172 187 262 176 24 178
50 106 67 65 264 89 225 198 123 2 39 71 158 266 194 141 171 35 192 140
225 198 158 194 171 35 8 260 159 286 208 112 172 306 110 76 199 11 60 187
50 65 198 39 283 215 194 141 294 171 260 208 112 252 172 187 262 176 24 178
89 106 214 65 15 50 225 119 39 71 158 141 171 35 140 56 260 208 252 172
87 89 125 65 70 50 225 106 2 158 15 35 140 260 159 208 171 174 306 262
50 106 65 15 89 225 91 198 125 213 108 39 215 266 194 74 141 211 171 35
50 106 65 89 225 198 123 2 39 71 158 266 194 141 171 35 192 140 56 260
176 208 274 275 16 278 283 158 82 172 222 215 87 50 65 117 39 301 304 194
87 99 65 89 198 123 108 71 215 194 141 187 171 192 56 260 159 95 208 112
50 106 156 266 264 225 198 123 224 214 71 158 65 194 159 298 187 35 171 56
50 108 263 215 245 85 171 141 95 208 172 187 16 297 82 298 135 14 274 117
87 99 125 214 65 70 264 89 119 106 2 15 215 293 100 194 141 187 162 202
243 214 65 50 225 198 123 283 158 194 187 35 77 159 286 208 112 172 306 110
289 99 106 214 65 264 89 225 198 123 156 213 108 71 158 245 100 194 141 171
87 50 106 156 65 89 225 198 123 2 108 39 215 266 194 141 171 35 192 140
50 106 65 225 198 2 39 71 158 266 194 141 171 35 140 56 260 286 95 208
50 106 67 65 70 225 198 2 39 158 266 194 141 171 35 140 56 260 286 95
50 106 67 65 70 89 225 198 173 2 108 39 215 266 194 141 171 35 192 140
50 106 214 65 70 99 225 198 2 108 39 71 215 100 266 194 171 162 35 192
212 50 106 214 65 70 99 225 198 290 173 2 108 39 71 215 260 100 266 194
266 225 119 108 39 71 215 65 141 171 35 56 260 264 252 172 198 187 291 208
50 106 214 65 70 99 225 198 2 39 263 158 100 266 194 171 162 35 140 56
156 266 70 264 225 119 123 39 158 65 194 141 171 35 56 260 208 144 252 172
50 65 198 283 215 194 141 187 260 208 252 172 20 24 40 114 209 16 297 82
106 214 65 70 264 225 2 158 266 194 171 35 140 56 260 286 208 172 187 174
87 50 106 214 266 70 89 225 119 123 173 117 73 71 215 147 100 65 194 141
50 64 65 70 198 5 214 283 158 194 171 140 8 286 208 187 264 20 275 199
50 198 39 71 158 131 187 35 171 8 286 264 144 252 172 119 208 20 76 199
50 198 39 71 158 194 298 171 35 140 8 286 264 144 127 252 172 187 208 76
139 106 266 184 293 194 257 260 159 286 10 112 243 291 255 60 297 82 72 13
99 89 106 214 65 264 50 225 81 198 123 224 268 74 97 71 158 293 100 266
50 106 65 89 225 123 2 71 158 266 194 141 171 35 140 56 260 286 208 112
87 89 65 249 123 216 108 158 121 141 160 187 192 181 260 95 45 208 112 262
50 106 214 65 70 99 225 198 2 263 215 260 100 266 194 141 171 162 35 140
50 106 214 65 225 198 213 39 71 158 141 171 35 140 56 260 283 208 172 174
50 106 65 70 225 198 123 213 39 158 266 194 171 146 35 195 56 208 112 172
50 106 214 65 70 89 225 198 2 39 263 158 100 266 194 171 35 140 56 286
50 106 65 70 225 198 2 39 158 100 266 194 171 35 140 56 286 208 33 172
87 50 214 65 198 39 283 215 194 141 171 260 208 252 172 119 187 264 25 24
87 50 106 65 70 89 225 198 125 213 39 263 158 220 100 266 194 171 35 254
50 93 65 172 25 274 135 117 260 40 16 71 215 82 240 297 283 171 141 153
50 106 214 65 70 99 225 198 125 2 39 71 158 260 100 266 194 141 171 162
50 106 214 65 303 99 225 198 123 2 39 71 158 293 100 266 194 141 171 162
50 106 214 65 99 225 303 123 5 2 176 71 158 100 266 194 141 171 162 202
50 65 70 89 128 198 3 39 71 215 293 100 301 194 141 171 270 149 8 260
99 50 106 214 65 70 264 89 225 198 224 18 2 108 39 71 158 260 100 266
89 106 214 65 70 50 225 283 2 39 71 158 266 141 171 35 140 56 260 159
50 125 64 65 70 249 89 53 91 198 173 106 5 108 284 71 158 75 121 301
212 99 106 214 65 264 89 225 303 123 280 71 158 60 100 266 194 141 171 162
106 64 266 5 184 194 162 260 159 286 112 243 303 96 60 297 82 72 31 81
87 50 106 65 70 89 225 198 123 5 2 18 39 71 158 293 266 194 141 171
87 50 106 214 65 70 99 225 198 123 156 5 2 18 73 71 158 260 100 266
87 50 106 65 70 89 225 198 123 5 2 18 133 71 158 293 266 194 141 187
87 50 70 89 128 198 3 133 71 215 293 100 301 194 141 171 270 219 31 149
139 106 121 194 260 159 286 303 60 297 82 31 81 122 34 87 125 70 74 176
106 266 225 198 123 39 71 158 245 65 141 171 35 56 260 208 172 187 243 176
50 176 70 20 262 274 117 283 93 16 278 297 215 82 240 95 298 294 172 153
70 50 106 214 65 82 89 225 198 2 108 39 158 171 35 260 88 208 172 157
106 266 234 293 194 162 260 286 10 112 243 48 60 297 82 31 81 34 125 123
243 106 156 65 225 198 71 158 293 194 141 171 35 56 8 260 286 208 112 172
106 266 234 293 194 162 260 286 10 112 243 226 48 60 297 82 31 81 34 87
50 214 198 5 283 158 187 171 260 286 208 172 178 16 82 86 31 135 274 117
158 31 214 135 208 50 198 178 117 274 16 286 187 215 82 240 283 172 86 171
158 31 214 135 208 50 198 178 117 274 16 286 187 215 82 240 283 172 86 171
50 106 65 225 123 71 158 147 141 171 35 56 260 264 187 291 110 20 178 199
106 266 293 194 162 260 159 286 112 243 230 60 297 82 81 122 34 14 87 125
212 99 106 214 65 15 89 225 91 198 123 125 2 74 39 71 215 293 100 266
50 198 280 2 39 71 158 194 171 35 140 8 260 286 264 144 127 252 172 187
50 106 214 65 225 198 224 2 108 71 158 293 141 171 35 140 56 260 286 208
50 106 65 225 198 2 108 39 215 266 194 141 171 35 140 56 260 286 208 187
87 89 232 65 50 198 123 108 133 283 158 194 141 171 192 148 260 286 264 10
158 135 82 264 222 274 199 117 26 16 306 180 297 93 208 215 283 171 240 187
87 89 232 65 50 198 123 108 133 283 158 194 141 171 192 148 260 286 264 10
33 156 65 225 198 39 71 158 147 141 171 35 260 208 172 174 243 291 275 60
65 119 123 158 286 208 112 252 172 198 176 303 20 16 297 82 72 248 29 274
89 106 70 18 198 125 215 187 171 8 260 159 208 172 50 262 176 80 178 275
50 198 39 283 215 194 171 208 252 172 187 24 199 178 25 297 82 86 135 16
243 65 70 89 225 198 173 2 263 158 60 100 266 194 141 187 35 171 140 56
50 70 89 128 198 173 133 71 215 293 100 194 171 35 219 31 56 8 286 208
87 50 214 65 249 99 225 123 156 2 108 71 215 100 266 194 141 187 162 290
50 70 225 213 39 158 194 171 35 208 172 187 243 110 20 275 60 297 82 31
198 39 71 158 194 171 35 140 8 286 264 144 252 172 187 208 76 199 297 298
139 106 293 194 162 260 286 10 112 264 176 230 96 60 297 82 72 31 81 34
89 106 65 70 50 125 215 171 192 8 159 208 172 262 133 80 178 16 297 82
139 106 266 284 293 194 260 159 286 10 112 243 83 230 60 297 82 72 81 122
89 156 65 264 50 198 123 71 158 194 141 171 35 56 8 24 260 159 286 208
139 106 266 184 293 194 162 113 260 286 10 112 243 303 226 60 297 82 72 31
106 216 5 293 121 194 260 159 286 112 149 297 82 72 81 120 87 125 70 176
158 89 214 65 50 198 39 283 202 194 141 187 192 260 208 172 133 31 40 178
89 106 65 70 50 213 283 158 171 260 172 262 178 25 82 72 86 16 274 37
50 106 214 65 70 99 225 198 173 125 2 71 215 260 100 266 194 141 171 162
50 262 214 65 70 25 89 274 31 192 16 208 133 158 82 37 240 72 283 172
89 106 65 70 50 125 158 171 8 159 208 172 262 80 178 25 297 82 72 298
87 89 106 214 65 70 225 117 158 266 141 187 35 140 208 171 262 275 16 60
50 106 214 65 70 89 198 125 283 215 194 141 187 171 192 8 260 159 208 172
89 106 214 65 70 50 125 283 158 141 171 8 260 159 208 172 262 80 178 261
50 106 214 266 225 123 213 39 71 158 65 141 171 35 56 260 208 172 187 264
64 65 70 198 173 284 215 194 187 8 260 286 95 208 171 176 264 20 80 178
50 106 214 266 70 99 225 198 5 2 39 263 215 100 194 171 162 35 254 140
50 266 70 264 89 225 119 2 263 158 100 65 194 141 171 35 140 56 260 159
212 50 106 214 65 70 99 225 91 198 2 39 263 158 100 266 194 171 162 35
99 50 214 65 89 123 224 5 2 71 215 266 141 187 162 35 260 208 112 252
212 50 106 214 65 70 99 225 198 224 2 39 263 158 260 100 266 194 141 171
99 106 65 70 225 39 158 266 141 171 35 56 260 208 187 243 176 264 20 178
99 106 65 70 225 39 158 266 141 171 35 56 260 208 187 243 176 264 20 178
106 65 225 39 71 158 266 141 171 35 56 260 208 172 187 243 18 176 264 20
50 106 214 65 70 89 128 198 3 39 71 215 293 100 301 194 141 171 270 149
50 214 65 70 198 280 283 215 194 171 35 286 95 208 144 172 187 20 80 178
89 70 50 119 283 215 294 192 95 264 252 172 262 133 20 25 297 82 72 16
106 266 284 194 162 260 159 286 243 230 96 60 297 82 72 81 122 174 34 125
50 65 70 225 224 2 39 158 194 171 35 140 208 172 187 174 306 110 20 248
232 266 216 293 194 260 159 286 10 112 243 303 255 60 297 82 72 90 31 81
50 65 70 283 215 171 260 208 172 40 25 297 82 226 135 16 274 93 37 240
89 214 266 70 50 225 224 213 215 65 194 171 35 140 56 260 159 144 187 174
106 64 266 194 162 260 159 286 112 243 291 303 226 60 297 82 72 31 81 122
50 266 225 198 2 71 158 65 141 171 35 140 260 208 172 187 174 243 248 80
50 106 156 65 225 198 2 39 71 158 266 194 141 171 35 140 56 260 286 95
89 106 156 65 70 50 225 198 96 213 39 158 60 100 266 194 159 141 171 162
14 99 106 214 65 70 89 225 198 173 96 213 73 71 158 260 100 266 194 197
99 106 214 65 264 89 225 303 123 41 268 131 18 176 71 158 245 60 100 266
99 106 65 70 225 198 293 280 2 133 15 215 60 194 141 171 35 140 56 260
158 50 65 56 235 275 198 178 117 260 240 16 283 215 82 112 274 172 141 187
50 198 39 71 158 187 35 171 208 172 80 178 275 25 60 297 82 135 16 274
50 65 89 123 74 283 158 245 192 103 112 172 133 25 82 16 274 91 117 210
89 65 165 50 225 91 198 123 5 2 74 39 71 215 245 100 266 141 294 35
89 65 70 50 198 39 158 100 15 35 136 171 208 172 110 80 16 187 82 86
50 214 65 198 39 283 215 100 141 171 35 260 208 172 16 187 82 86 274 117
70 50 65 15 89 198 74 39 283 215 100 187 35 171 159 208 172 80 16 297
89 125 65 70 283 215 194 171 35 192 260 286 144 172 262 133 20 152 275 114
50 106 214 65 99 225 303 123 125 2 176 71 158 100 266 194 141 171 162 202
99 50 65 70 89 128 198 3 39 71 215 293 100 301 194 141 171 270 35 149
50 106 214 65 70 89 128 198 39 71 215 293 100 194 141 171 149 8 260 286
50 106 65 70 225 123 213 215 266 194 211 171 146 35 195 140 56 286 208 112
99 65 89 71 215 141 171 162 260 46 208 112 50 178 275 25 297 9 82 86
50 106 70 197 225 2 39 263 215 100 194 171 35 254 140 56 89 286 208 103
50 198 39 283 158 171 208 144 252 172 187 24 199 16 297 82 86 135 274 117
87 50 106 214 70 89 128 198 3 133 71 215 293 100 301 194 141 171 270 219
50 106 214 65 70 89 225 198 280 2 39 263 158 266 194 171 35 140 56 8
50 106 65 70 225 198 39 158 194 171 35 56 208 112 172 174 291 20 76 275
50 106 214 70 89 128 198 39 71 215 293 100 194 141 171 149 8 260 286 133
89 214 65 50 225 119 123 2 71 158 171 35 192 140 260 264 112 252 172 187
222 82 20 29 199 114 144 16 271 297 93 208 215 194 187 252 264 87 99 65
50 70 225 213 39 158 171 35 208 172 187 174 306 60 297 82 31 135 274 81
106 266 234 293 194 162 260 286 10 112 243 48 60 297 82 31 81 34 125 123
50 214 266 225 198 39 71 158 65 141 171 35 260 208 187 291 275 60 297 135
50 65 70 283 215 171 260 208 172 40 25 297 82 226 135 16 274 93 37 240
50 70 89 128 198 5 2 39 71 215 293 100 194 141 171 149 140 8 260 159
139 99 106 214 65 264 89 225 198 39 71 158 100 266 194 141 171 162 202 35
50 106 266 70 225 215 65 194 171 35 56 260 208 187 174 20 275 261 178 25
50 65 198 123 3 283 215 301 194 141 270 56 260 286 208 112 252 172 32 20
50 65 198 123 3 283 215 301 194 141 270 56 260 286 208 112 252 172 32 20
87 50 65 263 215 100 16 141 171 286 208 172 25 297 82 283 163 135 14 274
286 110 172 240 117 240 117 240 117 106 171 260 141 65 260 141 65 260 141 65
198 208 106 271 144 194 257 127 114 127 114 215 280 117 172 111 81 140 111 81
82 228 16 29 82 29 82 29 82 194 144 194 297 93 297 93 127 297 93 215
82 240 117 240 117 240 117 240 117 240 117 240 117 16 208 262 240 172 117 31
286 110 172 240 117 240 117 240 117 106 171 260 141 65 260 141 65 260 141 65
80 39 215 86 172 82 208 20 297 298 117 240 262 112 123 65 274 158 215 274
286 110 172 240 117 240 117 240 117 106 171 260 141 65 260 141 65 260 141 65
82 215 274 158 215 274 158 215 31 260 141 122 65 260 141 65 240 117 50 293
198 208 106 271 144 194 257 127 114 127 114 215 280 117 240 117 172 117 172 117
240 117 240 117 240 117 240 117 240 117 240 117 240 117 240 117 240 117 240 117
286 110 172 240 117 240 117 240 117 106 171 260 141 65 260 141 65 260 141 65
286 110 172 240 117 240 117 240 117 106 171 260 141 65 260 141 65 260 141 65
16 215 274 158 215 274 158 215 274 158 257 114 215 172 240 117 198 208 198 208
82 16 215 274 158 215 274 158 215 274 158 208 158 25 235 112 123 65 208 240
82 16 240 262 112 123 65 274 158 215 274 158 215 274 158 215 260 72 274 158
240 117 240 117 240 117 240 117 240 117 240 117 240 117 240 117 240 117 240 117
286 110 172 240 117 240 117 240 117 106 171 260 141 65 260 141 65 260 141 65
82 240 117 240 117 240 117 240 117 93 240 117 16 263 215 240 82 117 240 117
82 16 25 294 86 60 81 60 81 60 260 141 35 65 240 117 260 117 141 117
286 110 172 240 117 240 117 240 117 106 171 260 141 65 260 141 65 260 141 65
286 110 172 240 117 240 117 240 117 106 171 260 141 65 260 141 65 260 141 65
286 110 172 240 117 240 117 240 117 106 171 260 141 65 260 141 65 260 141 65
82 224 110 82 86 82 70 37 82 275 70 37 70 37 82 208 187 208 215 274
286 110 172 240 117 240 117 240 117 106 171 260 141 65 260 141 65 260 141 65
82 16 208 172 117 20 95 112 240 117 208 240 117 285 240 117 172 117 172 117
286 110 172 240 117 240 117 240 117 106 171 260 141 65 260 141 65 260 141 65
286 110 172 240 117 240 117 240 117 106 171 260 141 65 260 141 65 260 141 65
286 110 172 240 117 240 117 240 117 106 171 260 141 65 260 141 65 260 141 65
286 110 172 240 117 240 117 240 117 106 171 260 141 65 260 141 65 260 141 65